920
222
-439
-744
931
-602
171
166
567
415
155
-545
119
2
463
-110
848
326
32
-65
461
173
-247
922
-682
-37
438
833
-320
-535
761
-210
535
389
-104
832
-167
513
374
-172
674
96
-53
545
550
-239
56
468
767
-692
496
-494
578
-662
296
-110
-17
327
506
170
-559
-458
937
-90
130
670
732
111
540
557
-522
422
733
559
176
-429
314
-664
53
-574
-459
516
161
369
-781
-359
-172
440
603
-723
31
745
500
922
-206
846
-282
-475
-340
869
121
207
343
-361
342
915
-242
953
-646
260
265
983
-736
-659
126
-745
-758
694
867
657
-350
872
167
-435
660
749
-333
145
500
504
-51
653
775
-509
-111
-608
300
940
-219
-109
-291
799
902
323
716
-486
-420
68
-196
-749
-366
-458
-578
-634
-620
-431
555
572
-93
421
280
-596
-137
-357
-372
-443
29
-688
970
-454
-658
-713
-58
861
395
104
915
111
-88
388
645
772
-645
941
201
-572
368
652
833
11
413
785
435
437
-494
539
-707
559
-44
910
-418
460
532
-605
-693
-223
-239
-447
-713
-313
324
207
-704
446
152
-783
-723
-575
319
-25
157
278
-297
-292
434
331
993
705
-560
-582
548
459
788
929
-212
511
-9
-688
546
848
212
-180
453
737
87
296
662
73
-559
111
717
-580
-127
-506
714
-132
687
738
-372
-133
-512
-525
676
703
973
168
910
-343
33
-418
557
-369
-161
995
-557
268
887
602
-622
746
-467
-571
-116
-323
-10
-441
-375
-742
498
-187
898
449
-240
387
778
-285
482
436
247
423
618
46
643
-284
39
-513
139
-312
-748
-119
-442
-82
853
-65
-112
224
-59
912
772
-735
413
864
-285
560
141
947
845
104
-719
76
-6
676
-713
326
726
340
713
451
-347
630
964
-90
639
-329
-249
-385
337
474
-412
-627
77
35
-311
-461
477
528
754
-169
-583
258
735
969
980
609
-48
667
634
788
144
199
-513
744
37
398
-621
903
256
233
-632
472
-161
473
-487
349
-547
-20
597
249
-521
375
-252
218
489
-119
-60
719
815
-18
-701
62
80
621
571
657
969
-317
942
735
687
-573
-381
-162
518
498
495
314
76
633
800
-77
546
-216
-251
-553
954
-116
-339
447
-4
788
579
681
550
300
691
-783
-328
-710
610
-268
962
-109
277
345
-270
-166
765
699
558
673
-271
-242
-169
-99
645
210
-416
-614
18
-427
478
-478
418
364
0
-746
-692
-386
-482
-667
-705
963
-692
-35
-354
327
168
39
709
-280
109
-461
956
764
-368
-419
950
543
857
-741
764
959
424
-749
35
946
780
-365
494
-262
